<?xml version="1.0"?>
<opencv_storage>
<Intrinsic_Matrix type_id="opencv-matrix">
  <rows>3</rows>
  <cols>3</cols>
  <dt>d</dt>
  <data>
    4.2327381306004770e+02 0. 3.4134626532227065e+02 0.
    4.2127401756395915e+02 2.6928542110876145e+02 0. 0. 1.</data></Intrinsic_Matrix>
<Distortion_Coefficients type_id="opencv-matrix">
  <rows>1</rows>
  <cols>5</cols>
  <dt>d</dt>
  <data>
    -4.3394157423081370e-01 2.6707717557691946e-01
    -3.1144347018743570e-04 5.6389381012241597e-04
    -1.0970452266271416e-01</data></Distortion_Coefficients>
</opencv_storage>
