<?xml version="1.0"?>
<opencv_storage>
<Intrinsic_Matrix type_id="opencv-matrix">
  <rows>3</rows>
  <cols>3</cols>
  <dt>d</dt>
  <data>
    4.2091190513986027e+02 0. 3.5216176104386096e+02 0.
    4.1872278963601985e+02 2.6450671374892289e+02 0. 0. 1.</data></Intrinsic_Matrix>
<Distortion_Coefficients type_id="opencv-matrix">
  <rows>1</rows>
  <cols>5</cols>
  <dt>d</dt>
  <data>
    -4.1458182102905428e-01 1.9961438793686631e-01
    -1.4827779400111422e-04 -1.3685063625604938e-03
    -5.1136960161127995e-02</data></Distortion_Coefficients>
</opencv_storage>
