<?xml version="1.0"?>
<opencv_storage>
<Intrinsic_Matrix type_id="opencv-matrix">
  <rows>3</rows>
  <cols>3</cols>
  <dt>d</dt>
  <data>
    4.2091190322510482e+02 0. 3.5216179280083395e+02 0.
    4.1872278011250876e+02 2.6450672711917497e+02 0. 0. 1.</data></Intrinsic_Matrix>
<Distortion_Coefficients type_id="opencv-matrix">
  <rows>1</rows>
  <cols>5</cols>
  <dt>d</dt>
  <data>
    -4.1458179199634898e-01 1.9961433499445810e-01
    -1.4827932650815707e-04 -1.3685065070849240e-03
    -5.1136927127133608e-02</data></Distortion_Coefficients>
</opencv_storage>
