<?xml version="1.0"?>
<opencv_storage>
<Left_camera_rotation_matrix type_id="opencv-matrix">
  <rows>3</rows>
  <cols>3</cols>
  <dt>d</dt>
  <data>
    9.9534233460237886e-01 -4.8902668994318832e-02
    8.3079274873569101e-02 4.7354683613643721e-02 9.9866768808340789e-01
    2.0503236768683975e-02 -8.3971250366644296e-02
    -1.6473546775758442e-02 9.9633199856698829e-01</data></Left_camera_rotation_matrix>
<Right_camera_rotation_matrix type_id="opencv-matrix">
  <rows>3</rows>
  <cols>3</cols>
  <dt>d</dt>
  <data>
    9.9114218426841572e-01 -6.2755546264742099e-02
    -1.1704235120949835e-01 6.0573484643967827e-02
    9.9791879751093893e-01 -2.2111683165434246e-02
    1.1818639313271534e-01 1.4826158886757215e-02 9.9288073880549410e-01</data></Right_camera_rotation_matrix>
<Left_camera_projection_matrix_rectified type_id="opencv-matrix">
  <rows>3</rows>
  <cols>4</cols>
  <dt>d</dt>
  <data>
    4.1999842097208932e+02 0. 3.4977366685867310e+02 0. 0.
    4.1999842097208932e+02 2.9416795349121094e+02 0. 0. 0. 1. 0.</data></Left_camera_projection_matrix_rectified>
<Right_camera_projection_matrix_rectified type_id="opencv-matrix">
  <rows>3</rows>
  <cols>4</cols>
  <dt>d</dt>
  <data>
    4.1999842097208932e+02 0. 3.4977366685867310e+02
    -5.7395371793325000e+02 0. 4.1999842097208932e+02
    2.9416795349121094e+02 0. 0. 0. 1. 0.</data></Right_camera_projection_matrix_rectified>
<Disparity-to-depth_mapping_matrix type_id="opencv-matrix">
  <rows>4</rows>
  <cols>4</cols>
  <dt>d</dt>
  <data>
    1. 0. 0. -3.4977366685867310e+02 0. 1. 0. -2.9416795349121094e+02 0.
    0. 0. 4.1999842097208932e+02 0. 0. 7.3176356881955862e-01 0.</data></Disparity-to-depth_mapping_matrix>
<Left_camera_region-of-interest type_id="opencv-matrix">
  <rows>4</rows>
  <cols>1</cols>
  <dt>d</dt>
  <data>
    81. 38. 399. 601.</data></Left_camera_region-of-interest>
<Right_camera_region-of-interest type_id="opencv-matrix">
  <rows>4</rows>
  <cols>1</cols>
  <dt>d</dt>
  <data>
    0. 0. 401. 640.</data></Right_camera_region-of-interest>
</opencv_storage>
